Utilization: 0.8854, Average Packet Delay: 0.169397,# of packet in system: 1.838732,Packet Drop Rate: 0.0000
Utilization: 0.6639, Average Packet Delay: 0.225221,# of packet in system: 2.199368,Packet Drop Rate: 0.0000
Utilization: 0.6638, Average Packet Delay: 0.174532,# of packet in system: 1.782686,Packet Drop Rate: 0.0000
Utilization: 0.6394, Average Packet Delay: 0.181398,# of packet in system: 1.818424,Packet Drop Rate: 0.0000
